# t y 
0.000000 40.000000
0.100000 40.632456
0.200000 41.269891
0.300000 41.912308
0.400000 42.559705
0.500000 43.212083
0.600000 43.869442
0.700000 44.531782
0.800000 45.199104
0.900000 45.871406
1.000000 46.548691
1.100000 47.230957
1.200000 47.918204
1.300000 48.610434
1.400000 49.307646
1.500000 50.009840
1.600000 50.717016
1.700000 51.429175
1.800000 52.146317
1.900000 52.868441
2.000000 53.595548
2.100000 54.327637
2.200000 55.064710
2.300000 55.806766
2.400000 56.553806
2.500000 57.305828
2.600000 58.062834
2.700000 58.824824
2.800000 59.591797
2.900000 60.363755
3.000000 61.140696
3.100000 61.922621
3.200000 62.709530
3.300000 63.501424
3.400000 64.298302
3.500000 65.100164
3.600000 65.907010
3.700000 66.718842
3.800000 67.535658
3.900000 68.357459
4.000000 69.184244
4.100000 70.016015
4.200000 70.852771
4.300000 71.694512
4.400000 72.541238
4.500000 73.392949
4.600000 74.249646
4.700000 75.111328
4.800000 75.977996
4.900000 76.849650
5.000000 77.726289
5.100000 78.607914
5.200000 79.494525
5.300000 80.386122
5.400000 81.282705
5.500000 82.184275
5.600000 83.090830
5.700000 84.002372
5.800000 84.918900
5.900000 85.840414
6.000000 86.766915
6.100000 87.698403
6.200000 88.634877
6.300000 89.576338
6.400000 90.522786
6.500000 91.474221
6.600000 92.430642
6.700000 93.392051
6.800000 94.358446
6.900000 95.329829
7.000000 96.306199
7.100000 97.287556
7.200000 98.273901
7.300000 99.265233
7.400000 100.261552
7.500000 101.262859
7.600000 102.269154
7.700000 103.280436
7.800000 104.296706
7.900000 105.317963
8.000000 106.344209
8.100000 107.375442
8.200000 108.411663
8.300000 109.452872
8.400000 110.499070
8.500000 111.550255
8.600000 112.606429
8.700000 113.667590
8.800000 114.733740
8.900000 115.804879
9.000000 116.881005
9.100000 117.962121
9.200000 119.048224
9.300000 120.139317
9.400000 121.235397
9.500000 122.336467
9.600000 123.442525
9.700000 124.553572
9.800000 125.669608
9.900000 126.790632
10.000000 127.916646
10.100000 129.047648
10.200000 130.183639
10.300000 131.324620
10.400000 132.470589
10.500000 133.621548
10.600000 134.777496
10.700000 135.938433
10.800000 137.104360
10.900000 138.275275
11.000000 139.451180
11.100000 140.632075
11.200000 141.817959
11.300000 143.008832
11.400000 144.204695
11.500000 145.405548
11.600000 146.611390
11.700000 147.822222
11.800000 149.038044
11.900000 150.258855
12.000000 151.484656
12.100000 152.715447
12.200000 153.951228
12.300000 155.191999
12.400000 156.437760
12.500000 157.688511
12.600000 158.944251
12.700000 160.204982
12.800000 161.470703
12.900000 162.741415
13.000000 164.017116
13.100000 165.297808
13.200000 166.583490
13.300000 167.874162
13.400000 169.169825
13.500000 170.470478
13.600000 171.776121
13.700000 173.086755
13.800000 174.402379
13.900000 175.722994
14.000000 177.048600
14.100000 178.379196
14.200000 179.714783
14.300000 181.055360
14.400000 182.400928
14.500000 183.751487
14.600000 185.107037
14.700000 186.467577
14.800000 187.833108
14.900000 189.203631
15.000000 190.579144
15.100000 191.959648
15.200000 193.345143
15.300000 194.735629
15.400000 196.131106
15.500000 197.531574
15.600000 198.937033
15.700000 200.347484
15.800000 201.762925
15.900000 203.183358
16.000000 204.608782
16.100000 206.039197
16.200000 207.474604
16.300000 208.915002
16.400000 210.360391
16.500000 211.810772
16.600000 213.266144
16.700000 214.726507
16.800000 216.191862
16.900000 217.662208
17.000000 219.137546
17.100000 220.617876
17.200000 222.103197
17.300000 223.593510
17.400000 225.088814
17.500000 226.589110
17.600000 228.094398
17.700000 229.604677
17.800000 231.119948
17.900000 232.640211
18.000000 234.165466
18.100000 235.695713
18.200000 237.230951
18.300000 238.771182
18.400000 240.316404
18.500000 241.866618
18.600000 243.421824
18.700000 244.982022
18.800000 246.547213
18.900000 248.117395
19.000000 249.692569
19.100000 251.272735
19.200000 252.857894
19.300000 254.448044
19.400000 256.043187
19.500000 257.643322
19.600000 259.248449
19.700000 260.858569
19.800000 262.473680
19.900000 264.093784
20.000000 265.718881
20.100000 267.348969
20.200000 268.984050
20.300000 270.624123
20.400000 272.269189
20.500000 273.919247
20.600000 275.574298
20.700000 277.234341
20.800000 278.899376
20.900000 280.569405
21.000000 282.244425
21.100000 283.924438
21.200000 285.609444
21.300000 287.299442
21.400000 288.994433
21.500000 290.694417
21.600000 292.399393
21.700000 294.109362
21.800000 295.824324
21.900000 297.544278
22.000000 299.269226
22.100000 300.999166
22.200000 302.734098
22.300000 304.474024
22.400000 306.218942
22.500000 307.968854
22.600000 309.723758
22.700000 311.483655
22.800000 313.248545
22.900000 315.018428
23.000000 316.793303
23.100000 318.573172
23.200000 320.358034
23.300000 322.147889
23.400000 323.942737
23.500000 325.742578
23.600000 327.547412
23.700000 329.357239
23.800000 331.172059
23.900000 332.991872
24.000000 334.816679
24.100000 336.646479
24.200000 338.481271
24.300000 340.321057
24.400000 342.165837
24.500000 344.015609
24.600000 345.870375
24.700000 347.730134
24.800000 349.594886
24.900000 351.464632
25.000000 353.339371
25.100000 355.219103
25.200000 357.103829
25.300000 358.993548
25.400000 360.888261
25.500000 362.787967
25.600000 364.692666
25.700000 366.602359
25.800000 368.517045
25.900000 370.436725
26.000000 372.361398
26.100000 374.291065
26.200000 376.225725
26.300000 378.165379
26.400000 380.110027
26.500000 382.059668
26.600000 384.014302
26.700000 385.973931
26.800000 387.938553
26.900000 389.908168
27.000000 391.882778
27.100000 393.862380
27.200000 395.846977
27.300000 397.836567
27.400000 399.831152
27.500000 401.830729
27.600000 403.835301
27.700000 405.844866
27.800000 407.859426
27.900000 409.878978
28.000000 411.903525
28.100000 413.933066
28.200000 415.967600
28.300000 418.007129
28.400000 420.051651
28.500000 422.101167
28.600000 424.155677
28.700000 426.215181
28.800000 428.279679
28.900000 430.349171
29.000000 432.423657
29.100000 434.503137
29.200000 436.587611
29.300000 438.677079
29.400000 440.771541
29.500000 442.870997
29.600000 444.975447
29.700000 447.084891
29.800000 449.199329
29.900000 451.318761
30.000000 453.443188
30.100000 455.572608
30.200000 457.707023
30.300000 459.846432
30.400000 461.990835
30.500000 464.140232
30.600000 466.294624
30.700000 468.454009
30.800000 470.618389
30.900000 472.787763
31.000000 474.962131
31.100000 477.141494
31.200000 479.325851
31.300000 481.515202
31.400000 483.709547
31.500000 485.908887
31.600000 488.113221
31.700000 490.322550
31.800000 492.536873
31.900000 494.756190
32.000000 496.980501
32.100000 499.209807
32.200000 501.444108
32.300000 503.683402
32.400000 505.927692
32.500000 508.176975
32.600000 510.431253
32.700000 512.690526
32.800000 514.954793
32.900000 517.224055
33.000000 519.498311
33.100000 521.777561
33.200000 524.061806
33.300000 526.351046
33.400000 528.645280
33.500000 530.944509
33.600000 533.248732
33.700000 535.557950
33.800000 537.872162
33.900000 540.191370
34.000000 542.515571
34.100000 544.844768
34.200000 547.178959
34.300000 549.518144
34.400000 551.862325
34.500000 554.211500
34.600000 556.565669
34.700000 558.924834
34.800000 561.288993
34.900000 563.658147
35.000000 566.032295
35.100000 568.411439
35.200000 570.795577
35.300000 573.184710
35.400000 575.578837
35.500000 577.977960
35.600000 580.382077
35.700000 582.791189
35.800000 585.205296
35.900000 587.624397
36.000000 590.048494
36.100000 592.477585
36.200000 594.911672
36.300000 597.350753
36.400000 599.794829
36.500000 602.243900
36.600000 604.697965
36.700000 607.157026
36.800000 609.621082
36.900000 612.090132
37.000000 614.564178
37.100000 617.043218
37.200000 619.527254
37.300000 622.016284
37.400000 624.510310
37.500000 627.009330
37.600000 629.513346
37.700000 632.022356
37.800000 634.536362
37.900000 637.055362
38.000000 639.579358
38.100000 642.108348
38.200000 644.642334
38.300000 647.181315
38.400000 649.725291
38.500000 652.274262
38.600000 654.828228
38.700000 657.387189
38.800000 659.951145
38.900000 662.520096
39.000000 665.094043
39.100000 667.672985
39.200000 670.256922
39.300000 672.845854
39.400000 675.439781
39.500000 678.038703
39.600000 680.642621
39.700000 683.251534
39.800000 685.865442
39.900000 688.484345
40.000000 691.108244
40.100000 693.737138
40.200000 696.371027
40.300000 699.009911
40.400000 701.653790
40.500000 704.302665
40.600000 706.956535
40.700000 709.615401
40.800000 712.279262
40.900000 714.948118
41.000000 717.621969
41.100000 720.300816
41.200000 722.984658
41.300000 725.673495
41.400000 728.367328
41.500000 731.066156
41.600000 733.769979
41.700000 736.478798
41.800000 739.192613
41.900000 741.911422
42.000000 744.635227
42.100000 747.364028
42.200000 750.097824
42.300000 752.836615
42.400000 755.580402
42.500000 758.329184
42.600000 761.082962
42.700000 763.841735
42.800000 766.605504
42.900000 769.374268
43.000000 772.148028
43.100000 774.926783
43.200000 777.710534
43.300000 780.499280
43.400000 783.293022
43.500000 786.091759
43.600000 788.895492
43.700000 791.704220
43.800000 794.517944
43.900000 797.336663
44.000000 800.160378
44.100000 802.989089
44.200000 805.822795
44.300000 808.661497
44.400000 811.505195
44.500000 814.353888
44.600000 817.207576
44.700000 820.066260
44.800000 822.929940
44.900000 825.798616
45.000000 828.672287
45.100000 831.550954
45.200000 834.434616
45.300000 837.323275
45.400000 840.216929
45.500000 843.115578
45.600000 846.019223
45.700000 848.927864
45.800000 851.841501
45.900000 854.760133
46.000000 857.683761
46.100000 860.612385
46.200000 863.546005
46.300000 866.484620
46.400000 869.428231
46.500000 872.376838
46.600000 875.330441
46.700000 878.289039
46.800000 881.252633
46.900000 884.221223
47.000000 887.194809
47.100000 890.173391
47.200000 893.156968
47.300000 896.145541
47.400000 899.139110
47.500000 902.137675
47.600000 905.141236
47.700000 908.149792
47.800000 911.163345
47.900000 914.181893
48.000000 917.205437
48.100000 920.233977
48.200000 923.267513
48.300000 926.306044
48.400000 929.349572
48.500000 932.398096
48.600000 935.451615
48.700000 938.510130
48.800000 941.573642
48.900000 944.642149
49.000000 947.715652
49.100000 950.794151
49.200000 953.877646
49.300000 956.966137
49.400000 960.059624
49.500000 963.158107
49.600000 966.261586
49.700000 969.370061
49.800000 972.483531
49.900000 975.601998
50.000000 978.725461
50.100000 981.853920
50.200000 984.987375
50.300000 988.125826
50.400000 991.269272
50.500000 994.417715
50.600000 997.571154
50.700000 1000.729589
50.800000 1003.893020
50.900000 1007.061447
51.000000 1010.234871
51.100000 1013.413290
51.200000 1016.596705
51.300000 1019.785116
51.400000 1022.978524
51.500000 1026.176927
51.600000 1029.380327
51.700000 1032.588723
51.800000 1035.802115
51.900000 1039.020503
52.000000 1042.243887
52.100000 1045.472267
52.200000 1048.705643
52.300000 1051.944016
52.400000 1055.187384
52.500000 1058.435749
52.600000 1061.689110
52.700000 1064.947467
52.800000 1068.210821
52.900000 1071.479170
53.000000 1074.752516
53.100000 1078.030858
53.200000 1081.314196
53.300000 1084.602530
53.400000 1087.895860
53.500000 1091.194187
53.600000 1094.497510
53.700000 1097.805829
53.800000 1101.119144
53.900000 1104.437456
54.000000 1107.760763
54.100000 1111.089067
54.200000 1114.422368
54.300000 1117.760664
54.400000 1121.103957
54.500000 1124.452246
54.600000 1127.805531
54.700000 1131.163813
54.800000 1134.527091
54.900000 1137.895365
55.000000 1141.268636
55.100000 1144.646902
55.200000 1148.030165
55.300000 1151.418425
55.400000 1154.811680
55.500000 1158.209932
55.600000 1161.613181
55.700000 1165.021425
55.800000 1168.434667
55.900000 1171.852904
56.000000 1175.276138
56.100000 1178.704368
56.200000 1182.137594
56.300000 1185.575817
56.400000 1189.019036
56.500000 1192.467252
56.600000 1195.920463
56.700000 1199.378672
56.800000 1202.841876
56.900000 1206.310078
57.000000 1209.783275
57.100000 1213.261469
57.200000 1216.744659
57.300000 1220.232846
57.400000 1223.726029
57.500000 1227.224209
57.600000 1230.727385
57.700000 1234.235557
57.800000 1237.748726
57.900000 1241.266891
58.000000 1244.790053
58.100000 1248.318211
58.200000 1251.851366
58.300000 1255.389517
58.400000 1258.932665
58.500000 1262.480809
58.600000 1266.033950
58.700000 1269.592087
58.800000 1273.155220
58.900000 1276.723350
59.000000 1280.296477
59.100000 1283.874600
59.200000 1287.457719
59.300000 1291.045836
59.400000 1294.638948
59.500000 1298.237057
59.600000 1301.840163
59.700000 1305.448265
59.800000 1309.061364
59.900000 1312.679459
60.000000 1316.302551
60.100000 1319.930640
60.200000 1323.563725
60.300000 1327.201806
60.400000 1330.844884
60.500000 1334.492959
60.600000 1338.146030
60.700000 1341.804098
60.800000 1345.467162
60.900000 1349.135223
61.000000 1352.808281
61.100000 1356.486335
61.200000 1360.169386
61.300000 1363.857433
61.400000 1367.550478
61.500000 1371.248518
61.600000 1374.951555
61.700000 1378.659589
61.800000 1382.372620
61.900000 1386.090647
62.000000 1389.813671
62.100000 1393.541691
62.200000 1397.274709
62.300000 1401.012722
62.400000 1404.755733
62.500000 1408.503740
62.600000 1412.256744
62.700000 1416.014744
62.800000 1419.777741
62.900000 1423.545735
63.000000 1427.318726
63.100000 1431.096713
63.200000 1434.879697
63.300000 1438.667677
63.400000 1442.460655
63.500000 1446.258629
63.600000 1450.061599
63.700000 1453.869567
63.800000 1457.682531
63.900000 1461.500492
64.000000 1465.323449
64.100000 1469.151404
64.200000 1472.984355
64.300000 1476.822303
64.400000 1480.665247
64.500000 1484.513189
64.600000 1488.366127
64.700000 1492.224062
64.800000 1496.086993
64.900000 1499.954922
65.000000 1503.827847
65.100000 1507.705769
65.200000 1511.588687
65.300000 1515.476603
65.400000 1519.369515
65.500000 1523.267424
65.600000 1527.170330
65.700000 1531.078233
65.800000 1534.991132
65.900000 1538.909028
66.000000 1542.831922
66.100000 1546.759812
66.200000 1550.692698
66.300000 1554.630582
66.400000 1558.573462
66.500000 1562.521339
66.600000 1566.474214
66.700000 1570.432084
66.800000 1574.394952
66.900000 1578.362817
67.000000 1582.335678
67.100000 1586.313537
67.200000 1590.296392
67.300000 1594.284244
67.400000 1598.277093
67.500000 1602.274938
67.600000 1606.277781
67.700000 1610.285621
67.800000 1614.298457
67.900000 1618.316290
68.000000 1622.339121
68.100000 1626.366948
68.200000 1630.399772
68.300000 1634.437593
68.400000 1638.480410
68.500000 1642.528225
68.600000 1646.581037
68.700000 1650.638845
68.800000 1654.701651
68.900000 1658.769453
69.000000 1662.842253
69.100000 1666.920049
69.200000 1671.002842
69.300000 1675.090632
69.400000 1679.183419
69.500000 1683.281204
69.600000 1687.383985
69.700000 1691.491763
69.800000 1695.604537
69.900000 1699.722309
70.000000 1703.845078
70.100000 1707.972844
70.200000 1712.105607
70.300000 1716.243367
70.400000 1720.386123
70.500000 1724.533877
70.600000 1728.686628
70.700000 1732.844376
70.800000 1737.007120
70.900000 1741.174862
71.000000 1745.347601
71.100000 1749.525337
71.200000 1753.708069
71.300000 1757.895799
71.400000 1762.088526
71.500000 1766.286250
71.600000 1770.488971
71.700000 1774.696688
71.800000 1778.909403
71.900000 1783.127115
72.000000 1787.349824
72.100000 1791.577530
72.200000 1795.810233
72.300000 1800.047934
72.400000 1804.290631
72.500000 1808.538325
72.600000 1812.791016
72.700000 1817.048705
72.800000 1821.311390
72.900000 1825.579073
73.000000 1829.851752
73.100000 1834.129429
73.200000 1838.412102
73.300000 1842.699773
73.400000 1846.992441
73.500000 1851.290106
73.600000 1855.592768
73.700000 1859.900427
73.800000 1864.213084
73.900000 1868.530737
74.000000 1872.853388
74.100000 1877.181035
74.200000 1881.513680
74.300000 1885.851322
74.400000 1890.193961
74.500000 1894.541597
74.600000 1898.894230
74.700000 1903.251860
74.800000 1907.614488
74.900000 1911.982113
75.000000 1916.354734
75.100000 1920.732353
75.200000 1925.114969
75.300000 1929.502583
75.400000 1933.895193
75.500000 1938.292800
75.600000 1942.695405
75.700000 1947.103007
75.800000 1951.515606
75.900000 1955.933202
76.000000 1960.355796
76.100000 1964.783386
76.200000 1969.215974
76.300000 1973.653559
76.400000 1978.096141
76.500000 1982.543720
76.600000 1986.996297
76.700000 1991.453870
76.800000 1995.916441
76.900000 2000.384009
77.000000 2004.856574
77.100000 2009.334137
77.200000 2013.816697
77.300000 2018.304253
77.400000 2022.796808
77.500000 2027.294359
77.600000 2031.796907
77.700000 2036.304453
77.800000 2040.816996
77.900000 2045.334537
78.000000 2049.857074
78.100000 2054.384609
78.200000 2058.917141
78.300000 2063.454670
78.400000 2067.997196
78.500000 2072.544720
78.600000 2077.097241
78.700000 2081.654759
78.800000 2086.217275
78.900000 2090.784788
79.000000 2095.357298
79.100000 2099.934805
79.200000 2104.517309
79.300000 2109.104811
79.400000 2113.697310
79.500000 2118.294807
79.600000 2122.897300
79.700000 2127.504791
79.800000 2132.117280
79.900000 2136.734765
80.000000 2141.357248
80.100000 2145.984728
80.200000 2150.617206
80.300000 2155.254680
80.400000 2159.897153
80.500000 2164.544622
80.600000 2169.197089
80.700000 2173.854553
80.800000 2178.517014
80.900000 2183.184473
81.000000 2187.856928
81.100000 2192.534382
81.200000 2197.216832
81.300000 2201.904280
81.400000 2206.596726
81.500000 2211.294168
81.600000 2215.996608
81.700000 2220.704046
81.800000 2225.416480
81.900000 2230.133912
82.000000 2234.856342
82.100000 2239.583768
82.200000 2244.316192
82.300000 2249.053614
82.400000 2253.796033
82.500000 2258.543449
82.600000 2263.295862
82.700000 2268.053273
82.800000 2272.815682
82.900000 2277.583087
83.000000 2282.355490
83.100000 2287.132891
83.200000 2291.915289
83.300000 2296.702684
83.400000 2301.495076
83.500000 2306.292466
83.600000 2311.094854
83.700000 2315.902239
83.800000 2320.714621
83.900000 2325.532000
84.000000 2330.354377
84.100000 2335.181752
84.200000 2340.014124
84.300000 2344.851493
84.400000 2349.693859
84.500000 2354.541224
84.600000 2359.393585
84.700000 2364.250944
84.800000 2369.113300
84.900000 2373.980654
85.000000 2378.853005
85.100000 2383.730354
85.200000 2388.612700
85.300000 2393.500044
85.400000 2398.392385
85.500000 2403.289723
85.600000 2408.192059
85.700000 2413.099392
85.800000 2418.011723
85.900000 2422.929052
86.000000 2427.851377
86.100000 2432.778700
86.200000 2437.711021
86.300000 2442.648339
86.400000 2447.590655
86.500000 2452.537968
86.600000 2457.490278
86.700000 2462.447586
86.800000 2467.409892
86.900000 2472.377195
87.000000 2477.349495
87.100000 2482.326793
87.200000 2487.309089
87.300000 2492.296382
87.400000 2497.288672
87.500000 2502.285960
87.600000 2507.288246
87.700000 2512.295528
87.800000 2517.307809
87.900000 2522.325087
88.000000 2527.347362
88.100000 2532.374635
88.200000 2537.406906
88.300000 2542.444174
88.400000 2547.486439
88.500000 2552.533702
88.600000 2557.585963
88.700000 2562.643221
88.800000 2567.705477
88.900000 2572.772730
89.000000 2577.844981
89.100000 2582.922229
89.200000 2588.004475
89.300000 2593.091718
89.400000 2598.183959
89.500000 2603.281197
89.600000 2608.383433
89.700000 2613.490667
89.800000 2618.602898
89.900000 2623.720127
90.000000 2628.842353
90.100000 2633.969577
90.200000 2639.101798
90.300000 2644.239017
90.400000 2649.381233
90.500000 2654.528447
90.600000 2659.680659
90.700000 2664.837868
90.800000 2670.000075
90.900000 2675.167279
91.000000 2680.339481
91.100000 2685.516681
91.200000 2690.698878
91.300000 2695.886072
91.400000 2701.078265
91.500000 2706.275455
91.600000 2711.477642
91.700000 2716.684827
91.800000 2721.897010
91.900000 2727.114190
92.000000 2732.336368
92.100000 2737.563543
92.200000 2742.795717
92.300000 2748.032887
92.400000 2753.275056
92.500000 2758.522222
92.600000 2763.774385
92.700000 2769.031546
92.800000 2774.293705
92.900000 2779.560862
93.000000 2784.833016
93.100000 2790.110167
93.200000 2795.392317
93.300000 2800.679464
93.400000 2805.971608
93.500000 2811.268751
93.600000 2816.570891
93.700000 2821.878028
93.800000 2827.190163
93.900000 2832.507296
94.000000 2837.829427
94.100000 2843.156555
94.200000 2848.488681
94.300000 2853.825804
94.400000 2859.167925
94.500000 2864.515044
94.600000 2869.867160
94.700000 2875.224274
94.800000 2880.586386
94.900000 2885.953496
95.000000 2891.325603
95.100000 2896.702708
95.200000 2902.084810
95.300000 2907.471910
95.400000 2912.864008
95.500000 2918.261104
95.600000 2923.663197
95.700000 2929.070288
95.800000 2934.482376
95.900000 2939.899463
96.000000 2945.321547
96.100000 2950.748628
96.200000 2956.180708
96.300000 2961.617785
96.400000 2967.059859
96.500000 2972.506932
96.600000 2977.959002
96.700000 2983.416070
96.800000 2988.878136
96.900000 2994.345199
97.000000 2999.817260
97.100000 3005.294319
97.200000 3010.776375
97.300000 3016.263429
97.400000 3021.755481
97.500000 3027.252531
97.600000 3032.754578
97.700000 3038.261623
97.800000 3043.773666
97.900000 3049.290707
98.000000 3054.812745
98.100000 3060.339781
98.200000 3065.871815
98.300000 3071.408846
98.400000 3076.950876
98.500000 3082.497903
98.600000 3088.049928
98.700000 3093.606950
98.800000 3099.168970
98.900000 3104.735988
99.000000 3110.308004
99.100000 3115.885018
99.200000 3121.467029
99.300000 3127.054038
99.400000 3132.646045
99.500000 3138.243049
99.600000 3143.845052
99.700000 3149.452052
99.800000 3155.064050
99.900000 3160.681046
100.000000 3166.303039
